241 260 6
242
246 261 6
244 262 1
245
246
247 266 5
246
249

250
251 264 4
252
256 266 2
254
265 266 2
256
257
256 m 4
259
260 266 16
261 269 1
262
266
264 270 6
265
266
267 271 1
266
269
270 272 7

612 291 12
616 uh·
614 292 11
616 296 1
616
617 294 4
616
619
620 296 10
621 296 2
222
626
624
626 207 12
626 296 1
627 .
626 299 6
629
660 600 6
661
662
666
664 pen.
665 601 12
666 602 4
667
666 606 2
669
640
641
642 604 2
646
644
646 606 ·
646

272 276 6
276
274 274 5
275
276 275 4

276 276 6
279
260 277 4
261
262 276 ,4

266 peu.

Lipm' Tayl.
661 55 1
662 6
666 4
564 666 6

phase

666 10
667 16
666 ult.
669 667 ι 4

, 600 16

691 pen.
622 666 6
696 7
694 12
696 669 1
696 14
697 670 1
696 11
699 16
400 671 1
402 6

Πμ. Ttyl.
447 667 17
446 666 9
449 10
450

4067η.

404 14
405 672 2
406 11
407 16
406 16
409 676 6
411 5
412 6
416 10
414 12
415 674 4
416 14
417 676 4
416 9
419 11
420 pen.
421 676 6
422 6

· 424 10

425 15
426 677 6
427 16
426 678 6
429 pen.
460 679 15
461 660 6
462 14
466 661 ,4
464 7
465 662 5

466 7 ,·
467 666 2 ἰ
438 10 , ,,

469 19
440 684 7
441 17
442 685 11
446 666 6

444 11 .

446 . pen. ι

446 667 7

 

