AD 011. AESCH. PRO SUA LEGAT. 341

111111111111 1111 11 1111111111111,1111· 1111111 11 1111 nobedis 1111111111. ’111111
111 1111111111,11111 111 Amudin. 811 Demosthenem 111 111111, 111 111 11111·
- 111 desiderum 1111111 11111111 11111, 111 1111111111111111111,111111111111
111 nomentanum-mimz. Nm 1111 11111111111111 1111111111111,111 1111·
ffffssmorthffqd quma 111111- 11111181111 1111111 111111111111111111111.
111 111 ,111111 1111 un 11 u 111 1111 11111-
11111 nm 1111111111ιῖ - plum ssffiofuffln 111 1111111111 111·
11111. 1. 111. thO-u Equidem 1111, 1111111111111111, 1111111111 11-
, 11111. 1111Ρ11111111 Mons, 1111 1111111111 11111111111. 0111111 111111-
1111111111111111111111111111111111111111 1111 11 1111111111111 111111111111,
1111111111111111.Ρ11111111111111111111 111 11111111 Mamuda 1111111111 11111-
1111111111,11111111111 colligabo-23 11 111111111111111111111111 1111111111
11111111111111ζ11811.11111111111 111111 11 mindunium 11111 111111111111.
1111111111 11111 111111 81111111. Qun 111111 penem 11 1111111111 111
p· 111. v. 1. 1111 11111] soil. 111111. 11 1111111111111111111 1111 111 tumulus,
11 1111 11111111 11111111 111111 11111111111 11111111 11111111 11 laudibu- 111111 111
111. 1111 11111111 111111 11111111, 11111111.
111 1111111111 · 1111. 1. 11. 11111] ’11111111 1111 nm
111. p. 111. 1. 111. mmuh] 11111111 11111,1111111111,111111111,11-
1111 1111 11 1111111. 8111 11111 1111111· titum 11 1111111111 11111111.
1111111 11111111111 1111111111. pratuli 11111.1.13.11111111·11]Ρ1111111111111
111111 mammen. 1111111 1111111111 11111 immun, 111
sib'ihilmognewliffl· Ὓθᾶἒιτ. 4. 1111111 11111] ’1111111111
1111111111 11 1111 μὴ 111111 11111111 48. 1111111 01111111 11111, 11111 111111 11 11-
1111111111 1111111 μὴ nb 11111111 11)- 11111 11 dmm 111111 1111111 111111.
1111 111 11111111 111111, 11111111111· Verum 1111 01111111 11111111 11 1111111
nm 111111 eun 1111111111111 1111, 1111 111111, 11 111 111 11 111 mitione
111,1111111111111111,111111 11111111- 11111, 11 bomo 111 amicissima 111111
11111111,11111111111 111111111111111 111 1111111111 111111 11 1111111111 1111-
1111 1111111111111, 1111 11111111 11111· 1111111111 1111 111111111111.
11111, 11, 11111111111111 111 nihil 1111· ibid. v. 6. 11111αῶ] Magnum 111111
1111,11111111111111111111111,111111111 1111111, protecto 1111111,11111111111 11
111111, 11111 1111111111 11111111 111111, 1111-111111111111111111111111
111 31111111 1111111,111μ11”1 id 111 11111, 11 1111111111 1111, 11111111111111
1111111111, 11 1111 quida 11111 repom-e, 11111111 1111111, verbi· 8. Ρ. Q. Δ. 11-
11111111 11 111-1111111111, id 111 11111 1111111 111111111111 11 8111111111111
111111111111111111111. (111111111111111111111111111111111-
111111. Auriga] 1111 1111111111, 1111- 111111 1111111111) 011111111111 111111111-
11111111111111, Polyphonte-,Quo 11- 111111 11111111, 11111111 1111, Ephori
11111 111111 1111111 11111111 11111111 1111, 1111 11111 consistorii, 1111111111 111111-
1111111111ιί 1111111111 11 11111111 11111· got. Bone 11111111 11 1111111111,11111
111, 1111 1111, 11111 1 donini· 1111111111111111 11 11111111111111111
111111111111 111 11111111, 111 111111 1111111 1111 111111111111111111111111,
11111111, 11 11111111 Gradu 1111111 11111111.
111111111111111111111111111111111111111 11114. 1. 11. 11111111] 811111111
- ..11111111111111111
111111111 111111, 1111 111111 ξαιγώς 11- spurcissimaque 111111111111111,11111·
1111111 1111111111 111111111111111111- 111111,11111111111,1111111.
1111111111 lumbe, 11. 1. 1111111111 111 1111111. 1111111] 8111111111 1111- ·
1111111111 1111111111, 1111111 1111111111 1111 1111111111 111 1111111111, 1111·
11 11111111111 111111111 1111111111 11111- 11111 111111. 1. 11111111 signino-tion·
111111111111111111111111111111 Atho· nonnihil 11111111, 11111111111111 111-
1111111 11111111 1111111 11 11 upon 111- 111111, pout 1111111 1111 111111111111, 11-
11111111. wolf 111111111 11111111 1111111. 1111111111 1111111, 1111111111 11·
1111 mmm, 1111 111 11 1111111111 1111111.
111, 11111 11111 111111111111111111111- p. 111. 1. 2. 111111 111 111111 nme
1111111. 8111111111 11111 1111111111, 1111111] ’1111111 111111, 11 11111111, 111
0⁸0 111111 expuli. 8111 1111 111111 111- suspectum 11111 1111111111, 11 111111

1111 ninus, 111 1111111111, 11 w 111111111111111111111111111. 11111111,

mmbmmcoduwolfliae addiximammhifflhm}
16111111111111 1111111111111111111111, 1111111, 11 111 111111 im& mammae.
11111111111111, 1111 1111111111111111111111111,111111111111111111111

 

